23
0 1047 815 670 971 931 788 778 883 595 600 748 812 554 868 972 536 940 904 725 800 744 877 
1047 0 576 637 618 575 1027 732 1044 770 823 631 549 881 892 597 792 1013 555 612 702 1045 1043 
815 576 0 964 1015 709 742 665 1052 930 992 622 955 645 996 943 559 803 999 777 988 991 714 
670 637 964 0 772 762 1037 541 699 565 615 657 853 862 1049 986 959 820 1020 676 619 635 763 
971 618 1015 772 0 537 531 592 856 691 765 1023 644 817 719 589 672 706 922 870 887 875 639 
931 575 709 762 537 0 685 704 628 593 666 1038 623 993 682 1055 882 1056 756 746 871 1028 678 
788 1027 742 1037 531 685 0 1032 1011 585 758 605 1042 651 579 712 926 997 974 715 920 855 906 
778 732 665 541 592 704 1032 0 530 735 533 674 738 919 932 557 774 731 780 890 791 722 649 
883 1044 1052 699 856 628 1011 530 0 1014 621 752 798 606 929 888 1019 551 594 899 761 898 638 
595 770 930 565 691 593 585 735 1014 0 586 905 766 1041 617 936 1016 632 921 824 710 934 705 
600 823 992 615 765 666 758 533 621 586 0 630 874 599 583 552 540 797 629 578 743 539 723 
748 631 622 657 1023 1038 605 674 752 905 630 0 733 1058 671 847 838 785 901 591 835 711 984 
812 549 955 853 644 623 1042 738 798 766 874 733 0 1053 1003 655 912 807 950 987 1048 980 532 
554 881 645 862 817 993 651 919 606 1041 599 1058 1053 0 542 1010 967 581 909 654 1033 965 814 
868 892 996 1049 719 682 579 932 929 617 583 671 1003 542 0 717 736 544 826 866 962 687 675 
972 597 943 986 589 1055 712 557 888 936 552 847 655 1010 717 0 701 828 1036 688 652 854 891 
536 792 559 959 672 882 926 774 1019 1016 540 838 912 967 736 701 0 538 944 563 610 1034 713 
940 1013 803 820 706 1056 997 731 551 632 797 785 807 581 544 828 538 0 734 648 975 1007 547 
904 555 999 1020 922 756 974 780 594 921 629 901 950 909 826 1036 944 734 0 696 924 961 985 
725 612 777 676 870 746 715 890 899 824 578 591 987 654 866 688 563 648 696 0 782 910 889 
800 702 988 619 887 871 920 791 761 710 743 835 1048 1033 962 652 610 975 924 782 0 818 836 
744 1045 991 635 875 1028 855 722 898 934 539 711 980 965 687 854 1034 1007 961 910 818 0 935 
877 1043 714 763 639 678 906 649 638 705 723 984 532 814 675 891 713 547 985 889 836 935 0 
